76567678923499987654212345678989892123999987654367
75434569214989998876343459899879789019889998765456
54323468909879889987456778987664678999778999876567
65434678998967678998867889876542469976567893989779
76556789987656568999998999987621298985456912998998
87669892399543459998759799998743987654345929876987
99778989999652398764545678987654976643267899754326
69889879878910239943234679999867985532156789753215
54999764567891249892123567896979894321045679894323
43987653456789398751012898945989789432134799985435
52198332345995469542126789768998678993949899876545
69986210467889598943245699879209989889898943988968
98765432345678987954876789989312398778767891299879
49876543756789876795987897895464998569856790989989
34987654567998765996798946796979876432345899876597
23698975879019954789949134989899998321245998765456
14569986789198783678932019878789997510356789654345
26678997899989532567892198965678998621769899743236
35989198999876543489943987654899989432678999854345
47893299799987668567894998765799876544599398767987
56789987689898799878999899977998987676689219878996
67899876569799899989998767989987698797894101999989
78999864358678999891987658990196539898993219989876
89998654234569998710198868999987321949689398979987
96798543125678998532989878978995490134567987868998
94987665238989987649876989567976989245699876457999